1D
256
0.0 0.0
7.408859148956018e-06 0.00392156862745098
2.971615683264102e-05 0.00784313725490196
6.704355066067976e-05 0.011764705882352941
0.0001195134715102954 0.01568627450980392
0.00018724912804119582 0.0196078431372549
0.00027037451123593297 0.023529411764705882
0.00036901439896579316 0.027450980392156862
0.0004832943605824405 0.03137254901960784
0.0006133407615353316 0.03529411764705882
0.000759280768015228 0.0392156862745098
0.0009212423516237855 0.043137254901960784
0.0010993542940694163 0.047058823529411764
0.0012937461918896484 0.050980392156862744
0.0015045484611999678 0.054901960784313725
0.0017318923424695081 0.058823529411764705
0.0019759099053234296 0.06274509803921569
0.002236734053372526 0.06666666666666667
0.0025144985290698465 0.07058823529411765
0.0028093379185947353 0.07450980392156863
0.003121387656764208 0.0784313725490196
0.003450784031972162 0.08235294117647059
0.003797664191156159 0.08627450980392157
0.004162166144792252 0.09019607843137255
0.004544428771917879 0.09411764705882353
0.004944591825182915 0.09803921568627451
0.00536279593592929 0.10196078431372549
0.0057991826192989576 0.10588235294117647
0.006253894279370797 0.10980392156862745
0.006727074214326086 0.11372549019607843
0.007218866621643421 0.11764705882352941
0.007729416603322328 0.12156862745098039
0.008258870171136705 0.12549019607843137
0.008807374251917403 0.12941176470588237
0.009375076692864717 0.13333333333333333
0.009962126266890674 0.13725490196078433
0.01056867267799123 0.1411764705882353
0.01119486656664869 0.1450980392156863
0.01184085951526457 0.14901960784313725
0.012506804053622842 0.15294117647058825
0.013192853664383847 0.1568627450980392
0.013899162788609136 0.1607843137254902
0.014625886831317396 0.16470588235294117
0.015373182167071198 0.16862745098039217
0.016141206145595676 0.17254901960784313
0.016930117097428265 0.17647058823529413
0.017740074339600242 0.1803921568627451
0.018571238181350435 0.1843137254901961
0.019423769929870594 0.18823529411764706
0.020297831896083283 0.19215686274509805
0.02119358740045205 0.19607843137254902
0.022111200778824273 0.2
0.02305083738830664 0.20392156862745098
0.02401266361317383 0.20784313725490197
0.024996846870810076 0.21176470588235294
0.026003555617684162 0.21568627450980393
0.027032959355358006 0.2196078431372549
0.02808522863652884 0.2235294117647059
0.029160535071105137 0.22745098039215686
0.03025905133231685 0.23137254901960785
0.03138095116285977 0.23529411764705882
0.032526409381074574 0.23921568627450981
0.03369560188715979 0.24313725490196078
0.03488870566942053 0.24705882352941178
0.03610589881055163 0.25098039215686274
0.037347360493956046 0.2549019607843137
0.03861327101009909 0.25882352941176473
0.03990381176289733 0.2627450980392157
0.04121916527614476 0.26666666666666666
0.04255951519997329 0.27058823529411763
0.04392504631735063 0.27450980392156865
0.04531594455061413 0.2784313725490196
0.04673239696804131 0.2823529411764706
0.04817459179045707 0.28627450980392155
0.049642718397877934 0.2901960784313726
0.05113696733619348 0.29411764705882354
0.05265753032388537 0.2980392156862745
0.054204600258783785 0.30196078431372547
0.05577837122486179 0.3058823529411765
0.057379038499067524 0.30980392156862746
0.0590067985581951 0.3137254901960784
0.06066184908579343 0.3176470588235294
0.06234438897911385 0.3215686274509804
0.06405461835609688 0.3254901960784314
0.06579273856239821 0.32941176470588235
0.06755895217845316 0.3333333333333333
0.0693534630265813 0.33725490196078434
0.07117647617813098 0.3411764705882353
0.07302819796066375 0.34509803921568627
0.07490883596517796 0.34901960784313724
0.07681859905337439 0.35294117647058826
0.07875769736496151 0.3568627450980392
0.08072634232500142 0.3607843137254902
0.08272474665129781 0.36470588235294116
0.08475312436182453 0.3686274509803922
0.08681169078219506 0.37254901960784315
0.0889006625531757 0.3764705882352941
0.0910202576382389 0.3803921568627451
0.09317069533115928 0.3843137254901961
0.09535219626365304 0.38823529411764707
0.09756498241305847 0.39215686274509803
0.09980927711006085 0.396078431372549
0.10208530504645973 0.4
0.10439329228297992 0.403921568627451
0.10673346625712575 0.40784313725490196
0.10910605579107956 0.4117647058823529
0.11151129109964439 0.41568627450980394
0.11394940379823067 0.4196078431372549
0.11642062691088796 0.4235294117647059
0.11892519487838092 0.42745098039215684
0.12146334356631121 0.43137254901960786
0.12403531027328421 0.43529411764705883
0.12664133373912137 0.4392156862745098
0.12928165415311843 0.44313725490196076
0.13195651316235008 0.4470588235294118
0.1346661538800204 0.45098039215686275
0.13741082089386103 0.4549019607843137
0.1401907602745741 0.4588235294117647
0.14300621958432527 0.4627450980392157
0.14585744788528088 0.4666666666666667
0.14874469574819615 0.47058823529411764
0.15166821526104798 0.4745098039215686
0.15462826003771873 0.47843137254901963
0.15762508522672627 0.4823529411764706
0.160658947520005 0.48627450980392156
0.1637301051617329 0.49019607843137253
0.1668388179572113 0.49411764705882355
0.1699853472817911 0.4980392156862745
0.17316995608985067 0.5019607843137255
0.17639290892382303 0.5058823529411764
0.17965447192327444 0.5098039215686274
0.18295491283403098 0.5137254901960784
0.18629450101736 0.5176470588235295
0.18967350745919903 0.5215686274509804
0.19309220477943834 0.5254901960784314
0.19655086724125465 0.5294117647058824
0.20004977076049738 0.5333333333333333
0.2035891929151253 0.5372549019607843
0.20716941295469887 0.5411764705882353
0.21079071180992298 0.5450980392156862
0.214453372102244 0.5490196078431373
0.21815767815349985 0.5529411764705883
0.22190391599562462 0.5568627450980392
0.22569237338040574 0.5607843137254902
0.22952333978929812 0.5647058823529412
0.23339710644328998 0.5686274509803921
0.2373139663128255 0.5725490196078431
0.24127421412778233 0.5764705882352941
0.2452781463875052 0.5803921568627451
0.24932606137089405 0.5843137254901961
0.25341825914654986 0.5882352941176471
0.2575550415829761 0.592156862745098
0.261736712358837 0.596078431372549
0.2659635769732738 0.6
0.270235942756278 0.6039215686274509
0.2745541188791209 0.6078431372549019
0.2789184163648445 0.611764705882353
0.2833291480988071 0.615686274509804
0.2877866288392911 0.6196078431372549
0.2922911752281666 0.6235294117647059
0.29684310580161694 0.6274509803921569
0.30144274100092266 0.6313725490196078
0.30609040318330605 0.6352941176470588
0.31078641663283507 0.6392156862745098
0.3155311075713896 0.6431372549019608
0.3203248041696874 0.6470588235294118
0.32516783655837156 0.6509803921568628
0.33006053683916087 0.6549019607843137
0.3350032390960599 0.6588235294117647
0.33999627940663457 0.6627450980392157
0.3450399958533475 0.6666666666666666
0.3501347285349578 0.6705882352941176
0.3552808195779849 0.6745098039215687
0.3604786131482356 0.6784313725490196
0.3657284554623933 0.6823529411764706
0.3710306947996754 0.6862745098039216
0.3763856815135534 0.6901960784313725
0.38179376804353665 0.6941176470588235
0.38725530892702614 0.6980392156862745
0.39277066081122924 0.7019607843137254
0.39834018246514374 0.7058823529411765
0.40396423479160803 0.7098039215686275
0.4096431808394174 0.7137254901960784
0.41537738581550876 0.7176470588235294
0.4211672170972121 0.7215686274509804
0.4270130442445717 0.7254901960784313
0.43291523901273277 0.7294117647058823
0.438874175364401 0.7333333333333333
0.44489022948236817 0.7372549019607844
0.45096377978210855 0.7411764705882353
0.45709520692444516 0.7450980392156863
0.4632848938282874 0.7490196078431373
0.4695332256834372 0.7529411764705882
0.47584058996346884 0.7568627450980392
0.48220737643867856 0.7607843137254902
0.4886339771891074 0.7647058823529411
0.4951207866176349 0.7686274509803922
0.5016682014631473 0.7725490196078432
0.5082766208137774 0.7764705882352941
0.51494644612022 0.7803921568627451
0.5216780812091163 0.7843137254901961
0.5284719322965212 0.788235294117647
0.5353284080014366 0.792156862745098
0.5422479193594256 0.796078431372549
0.5492308798362996 0.8
0.5562777053418829 0.803921568627451
0.5633888142438533 0.807843137254902
0.5705646273816568 0.8117647058823529
0.5778055680805066 0.8156862745098039
0.5851120621654511 0.8196078431372549
0.5924845379755267 0.8235294117647058
0.5999234263779865 0.8274509803921568
0.607429160782606 0.8313725490196079
0.6150021771560743 0.8352941176470589
0.6226429140364576 0.8392156862745098
0.6303518125477491 0.8431372549019608
0.6381293164144952 0.8470588235294118
0.6459758719765082 0.8509803921568627
0.6538919282036542 0.8549019607843137
0.6618779367107257 0.8588235294117647
0.6699343517724025 0.8627450980392157
0.6780616303382838 0.8666666666666667
0.6862602320480149 0.8705882352941177
0.6945306192464917 0.8745098039215686
0.7028732569991505 0.8784313725490196
0.7112886131073438 0.8823529411764706
0.719777158123802 0.8862745098039215
0.7283393653681779 0.8901960784313725
0.7369757109426796 0.8941176470588236
0.7456866737477905 0.8980392156862745
0.7544727354980757 0.9019607843137255
0.7633343807380747 0.9058823529411765
0.772272096858286 0.9098039215686274
0.7812863741112364 0.9137254901960784
0.7903777056276398 0.9176470588235294
0.7995465874326503 0.9215686274509803
0.8087935184621997 0.9254901960784314
0.8181190005794263 0.9294117647058824
0.8275235385912009 0.9333333333333333
0.8370076402647352 0.9372549019607843
0.8465718163442887 0.9411764705882353
0.8562165805679677 0.9450980392156862
0.8659424496846145 0.9490196078431372
0.8757499434707914 0.9529411764705882
0.8856395847478625 0.9568627450980393
0.8956118993991632 0.9607843137254902
0.9056674163872696 0.9647058823529412
0.9158066677713661 0.9686274509803922
0.9260301887247003 0.9725490196078431
0.9363385175521447 0.9764705882352941
0.9467321957078484 0.9803921568627451
0.9572117678129913 0.984313725490196
0.9677777816736334 0.9882352941176471
0.9784307882986644 0.9921568627450981
0.9891713419178545 0.996078431372549
1.0 1.0
